871
747
293
476
755
332
990
317
570
895
271
889
788
739
868
617
789
35
506
299
683
809
926
175
204
649
678
766
817
641
811
704
947
48
795
919
134
672
761
488
481
563
804
295
827
708
735
69
584
655
806
442
849
966
470
291
583
684
653
221
955
147
253
963
617
706
678
550
8
536
245
463
245
156
209
986
548
973
780
735
852
322
795
672
912
756
636
206
11
871
362
310
796
802
502
999
828
574
126
943
205
166
562
201
490
263
951
867
425
649
762
525
46
833
218
448
651
783
888
481
269
663
743
704
409
947
474
130
326
163
888
29
841
222
418
830
28
195
159
117
990
488
118
392
886
156
95
283
771
925
552
797
76
134
236
411
540
120
95
497
833
138
765
827
717
669
704
56
984
425
57
97
84
207
522
932
632
418
261
633
921
423
720
888
126
863
984
382
792
483
988
930
906
121
691
125
553
203
244
731
632
295
337
716
985
29
56
951
968
563
320
178
997
725
184
986
501
906
20
502
419
802
736
465
816
122
115
64
33
832
973
533
478
292
393
191
306
675
76
480
926
635
477
323
943
782
935
289
103
275
949
79
220
235
937
821
70
234
655
570
518
335
773
962
444
151
277
527
760
241
893
833
399
231
411
412
352
445
594
863
967
601
740
604
909
609
101
832
419
608
999
960
155
824
373
591
14
859
9
228
786
364
537
739
368
180
467
934
378
183
939
546
758
513
315
58
533
282
185
509
261
537
535
183
751
619
629
432
437
85
531
329
117
990
941
557
42
747
943
7
900
205
888
135
731
490
707
443
602
951
528
324
87
671
825
98
423
559
684
571
272
360
236
556
612
718
681
442
373
365
351
115
169
49
772
667
288
773
323
159
446
587
187
398
942
546
323
138
843
572
437
168
868
321
53
368
199
847
300
718
252
445
204
196
791
105
368
361
970
638
116
351
943
448
557
848
19
667
125
946
249
773
14
744
788
900
609
818
317
842
622
506
222
683
217
808
254
551
312
94
55
165
314
463
374
394
798
484
172
35
788
543
122
264
6
807
407
553
866
674
236
871
925
800
592
328
185
909
302
900
452
319
839
887
850
434
652
867
269
499
650
315
687
364
89
853
69
425
55
837
220
367
347
847
712
515
70
270
326
265
903
80
111
454
161
597
619
483
109
883
296
172
900
929
756
706
987
822
767
189
111
407
666
605
371
490
830
113
704
518
109
874
903
7
979
276
686
257
875
658
340
30
270
452
92
628
209
827
44
808
554
137
37
645
601
694
561
615
747
628
205
613
66
927
891
708
796
816
37
474
327
258
152
243
668
314
11
571
744
10
480
206
873
700
156
675
957
427
8
573
790
140
706
52
847
624
493
60
288
324
524
6
345
156
937
396
976
253
743
555
942
558
155
560
471
627
444
484
612
952
152
207
991
625
222
599
8
480
591
19
511
8
642
983
190
313
916
83
685
415
948
78
738
772
867
239
437
382
300
729
863
145
135
934
940
271
111
342
255
59
504
442
211
844
250
875
740
730
644
372
665
478
930
367
594
807
708
87
515
410
225
243
821
305
33
867
1000
599
641
31
602
933
983
395
365
778
840
959
418
495
918
581
300
314
362
102
922
41
981
321
27
405
375
469
686
103
37
643
25
425
372
523
516
74
971
351
618
472
913
91
874
227
768
497
254
615
261
177
311
447
300
372
84
176
75
296
866
622
463
743
74
901
849
243
651
538
232
7
998
897
46
791
496
448
535
93
447
14
584
176
532
88
643
603
158
838
820
922
751
155
692
919
204
94
858
499
86
281
773
882
984
924
156
292
651
688
586
469
441
892
31
385
218
788
560
792
520
330
446
185
702
644
774
727
645
952
763
329
162
8
419
797
778
364
590
254
380
559
36
586
961
608
266
925
116
787
766
712
923
65
353
581
472
649
531
406
977
998
839
307
588
717
111
47
202
136
63
640
821
812
388
703
826
613
357
629
382
459
171
89
2
921
93
331
629
792
831
694
147
397
487
973
737
494
634
832
600
28
829
523
133
220
874
870
883
518
831
811
361
496
943
727
35
631
716
637
693
488
914
89
632
935
333
972
398
838
752
995
646
837
376
392
717
120
413
614
194
109
204
129
70
417
927
355
965
786
620
137
647
55
956
179
624
307
237
216
227
294
6
351
694
480
991
220
888
30
131
181
491
720
330
12
949
474
751
382
888
898
457
87
562
431
138
406
503
887
552
272
11
970
131
309
138
438
441
397
40
173
254
645
67
606
383
361
377
801
252
275
796
558
852
582
209
432
964
224
273
77
640
442
313
169
635
165
104
469
61
19
453
597
75
586
417
419
349
51
268
382
340
982
542
259
741
320
534
420
311
373
870
239
136
485
827
642
631
504
330
207
187
6
359
568
492
893
928
751
689
121
578
852
234
541
786
610
944
233
487
773
961
841
244
525
33
990
571
658
368
443
35
774
134
50
677
182
46
990
879
740
890
638
40
465
655
881
468
926
463
441
436
759
994
533
223
58
686
715
273
281
541
51
807
777
102
659
649
680
587
751
258
564
515
812
15
66
637
30
166
231
898
970
580
523
871
931
932
573
786
569
697
457
562
459
438
350
228
609
743
765
867
319
632
722
255
902
850
315
346
51
479
119
891
289
264
823
876
511
531
414
756
770
409
405
840
796
253
621
422
293
463
16
541
674
350
138
629
314
621
898
988
363
397
61
348
846
466
831
725
675
162
24
476
300
202
890
269
563
586
93
382
291
865
260
219
891
973
636
809
703
270
710
638
490
321
962
364
751
26
596
250
449
944
781
483
804
751
567
546
513
512
955
707
241
810
235
378
150
889
508
128
534
722
86
396
545
965
509
449
493
439
250
320
467
110
862
133
837
713
614
654
481
338
134
686
252
96
984
781
796
38
656
224
627
913
314
78
125
605
731
879
300
316
985
478
158
331
990
888
192
489
210
637
486
890
723
386
484
671
549
26
37
267
660
469
956
390
803
792
906
554
960
598
752
774
537
328
632
640
754
364
161
327
139
209
923
895
389
711
201
185
36
573
515
933
314
729
737
615
448
580
730
593
997
244
6
533
633
191
112
608
662
863
585
747
417
603
753
365
753
768
337
620
916
846
939
700
596
225
751
271
414
535
819
298
496
50
370
956
949
442
865
667
228
604
724
905
197
844
197
87
235
249
543
255
333
278
717
984
718
746
38
966
857
277
313
24
431
731
80
267
512
126
843
401
886
870
55
938
619
291
390
809
148
414
461
395
979
133
718
682
34
494
989
312
176
17
410
484
403
121
679
822
934
759
297
257
622
172
932
419
742
916
889
641
801
635
562
441
168
833
856
870
221
835
779
136
304
237
376
451
981
429
939
275
651
362
306
509
907
904
381
332
470
84
636
737
291
399
81
404
396
4
949
929
972
392
849
124
476
213
844
326
918
107
900
563
143
851
403
611
96
604
177
59
832
664
429
654
701
672
948
834
367
150
606
380
563
941
705
155
608
328
104
334
584
963
710
161
578
829
841
270
350
68
74
866
424
794
263
2
30
78
41
732
745
683
779
971
313
719
551
804
14
350
119
644
952
11
876
376
968
165
999
831
947
151
363
376
261
59
134
654
953
565
282
813
615
516
559
464
637
804
627
734
155
350
806
290
875
643
882
530
8
264
380
728
593
282
181
678
659
611
560
938
666
165
221
750
619
42
77
143
53
560
402
197
309
105
644
890
77
889
555
118
297
816
989
462
720
514
891
748
320
753
275
288
643
811
104
84
471
332
290
746
791
504
532
541
280
258
948
255
776
590
105
73
74
124
834
746
388
730
96
787
158
144
62
330
141
400
432
617
558
491
829
759
802
131
947
150
279
47
748
626
135
645
645
574
744
530
778
342
963
461
976
650
980
492
942
761
296
975
419
748
583
152
380
481
392
64
557
315
113
813
285
618
406
591
676
471
233
613
893
438
178
973
996
436
203
273
604
110
718
755
622
491
641
412
631
38
336
636
144
261
849
880
923
492
850
870
633
884
513
105
650
492
918
330
991
746
34
4
504
229
234
275
863
675
373
592
460
50
158
760
200
826
453
275
867
839
765
946
239
989
208
806
756
20
311
964
119
497
379
518
891
761
506
458
585
2
416
651
550
509
804
478
664
192
3
587
57
286
7
48
916
337
334
2
489
563
279
13
757
959
487
495
614
642
402
165
35
974
848
376
892
50
649
853
493
13
290
826
467
69
239
675
446
994
843
132
554
399
20
611
262
169
224
793
562
607
618
464
446
99
358
729
912
486
961
996
914
140
708
118
421
762
557
439
969
653
50
790
857
421
748
954
177
510
12
360
524
903
456
458
483
903
125
806
170
32
376
324
774
988
129
8
13
959
273
283
350
396
101
913
80
400
100
678
183
65
376
540
721
514
181
694
336
382
70
802
545
632
130
482
11
478
229
765
571
68
563
514
583
684
133
708
335
702
254
904
355
910
582
778
236
544
662
898
229
371
106
500
730
833
338
602
952
83
707
808
538
17
236
952
996
287
251
362
595
166
986
736
252
769
436
504
242
695
241
49
584
771
288
699
563
18
201
610
605
603
211
75
553
965
946
849
728
271
295
529
91
417
658
400
877
30
279
26
843
887
484
699
539
117
414
576
596
810
722
342
650
548
927
523
384
207
224
37
703
471
935
808
167
751
3
884
991
525
236
1000
30
885
736
855
248
802
126
656
399
625
418
313
390
38
769
382
662
821
277
703
958
575
959
935
47
456
527
117
256
946
613
830
839
700
622
728
151
262
398
525
733
170
731
379
952
87
174
184
968
636
373
509
402
445
376
293
574
368
593
24
934
173
265
265
386
862
982
929
347
928
284
337
859
266
528
471
844
340
336
370
637
31
533
453
707
625
733
607
724
952
409
825
487
440
355
391
907
599
10
500
469
343
301
903
942
53
75
821
746
323
587
699
261
266
919
316
658
456
873
596
133
672
570
481
761
748
152
116
818
272
331
853
616
310
613
993
227
33
510
935
690
820
600
437
915
571
977
166
532
952
965
618
96
292
57
200
404
792
168
868
239
13
757
920
736
614
616
712
75
75
24
101
308
979
143
706
976
283
544
19
468
758
165
232
93
878
548
950
630
190
483
820
225
107
189
5
635
520
18
743
444
981
663
182
92
531
835
709
684
461
865
746
791
375
630
574
466
955
497
370
614
648
690
516
969
908
994
923
606
695
409
922
485
670
894
864
182
854
442
281
625
349
414
143
91
613
268
157
735
666
604
640
619
858
609
985
407
960
416
333
132
11
196
656
818
357
995
244
519
70
892
575
498
132
301
790
710
490
180
61
628
102
312
972
988
321
663
177
533
795
155
803
200
740
243
700
942
413
3
771
348
586
861
215
708
259
788
247
335
134
649
57
474
534
354
199
554
667
798
511
255
660
883
521
387
531
217
936
262
111
856
956
921
678
74
475
375
794
564
108
429
587
970
854
641
44
190
692
210
704
653
877
907
494
870
290
63
217
622
215
335
546
446
969
586
952
147
725
793
902
362
281
272
904
214
786
739
428
323
892
182
464
410
527
50
504
954
400
653
648
363
552
678
849
432
514
713
630
890
534
15
732
489
243
863
61
460
295
1
129
834
292
709
805
213
925
332
796
649
464
487
198
287
309
50
602
706
859
299
637
377
117
83
863
561
151
87
168
945
575
883
30
754
684
306
820
592
538
668
817
820
541
185
165
868
782
870
727
636
511
722
145
363
108
153
716
282
465
736
93
953
757
993
644
758
877
652
184
10
931
301
427
774
783
67
274
442
474
197
328
118
624
859
498
963
277
694
727
552
575
175
168
734
872
569
127
14
523
54
294
746
923
275
371
98
886
501
312
477
180
69
82
317
377
37
433
759
872
90
791
404
646
584
786
115
820
410
393
581
746
671
410
540
157
390
716
961
161
160
12
958
358
299
987
867
352
712
64
582
735
122
247
510
909
958
401
934
930
455
436
997
354
104
193
498
460
480
244
45
783
130
826
745
815
722
292
318
141
738
702
605
443
302
152
358
651
682
490
519
88
723
728
572
807
992
881
845
60
96
739
15
253
587
711
413
372
456
55
612
528
785
276
104
203
926
219
73
462
352
6
77
194
412
879
334
314
686
644
25
107
500
184
144
410
906
142
882
946
308
834
77
907
807
407
476
592
107
913
519
491
767
884
616
644
804
8
515
348
356
114
767
263
480
146
666
142
403
348
644
120
761
777
48
16
44
293
415
75
334
263
516
94
393
572
628
44
647
290
519
875
611
960
34
558
715
122
31
586
190
660
418
431
350
530
594
25
820
497
734
908
722
621
873
11
711
28
645
142
649
709
661
898
152
53
867
14
694
413
768
930
16
452
263
794
627
144
558
766
670
886
597
371
938
469
526
463
696
243
130
356
765
171
568
173
927
71
875
266
495
670
862
720
984
195
324
703
352
764
807
752
728
391
116
933
276
156
935
393
709
279
264
776
191
699
533
31
968
816
638
761
446
153
232
688
96
68
678
3
703
108
26
985
58
40
888
316
46
742
399
731
927
137
957
438
554
605
905
859
165
607
95
964
257
739
400
41
912
967
104
953
392
477
367
457
506
524
606
771
801
889
814
669
734
599
556
392
61
457
499
985
779
594
851
928
514
473
742
605
46
942
958
649
758
919
147
694
693
85
674
367
643
762
582
942
674
706
96
470
174
925
384
359
130
838
903
255
184
174
578
415
482
327
919
992
232
692
384
696
518
41
304
9
756
358
929
522
284
682
730
185
784
922
378
452
439
761
354
135
643
915
912
854
91
515
616
463
811
307
881
934
174
357
315
728
281
928
478
325
165
959
178
159
919
417
245
351
167
907
593
281
159
573
440
60
947
616
999
201
425
232
987
803
741
298
793
933
339
790
638
476
94
152
364
661
381
389
736
375
243
704
111
775
468
650
741
407
645
832
258
251
391
276
230
196
114
669
13
873
949
397
624
639
560
394
801
942
617
23
480
444
874
625
549
519
915
996
595
554
286
702
997
85
376
62
289
283
822
288
73
743
199
578
470
61
709
385
533
413
823
847
857
508
228
12
652
280
284
25
650
313
417
95
82
635
865
476
252
659
509
611
140
362
280
323
145
328
682
573
340
645
909
397
68
37
123
152
555
82
833
540
320
185
784
688
365
898
626
959
833
897
393
188
210
894
966
354
565
342
185
547
548
313
311
456
682
695
752
318
503
433
876
923
54
741
958
260
591
560
438
430
424
196
85
453
390
130
419
530
187
932
815
486
388
412
957
62
882
18
630
975
588
293
905
580
30
899
739
592
973
234
667
337
280
469
41
580
361
840
620
989
889
837
403
811
364
832
25
686
226
595
145
347
42
133
745
831
314
237
80
279
626
154
778
7
228
51
754
118
763
994
876
870
993
728
528
754
66
100
990
251
91
916
83
939
921
153
346
632
684
500
345
413
550
687
838
688
368
130
831
525
45
753
802
336
196
92
383
483
215
269
144
409
746
276
88
937
833
896
870
20
567
384
792
806
140
189
722
745
867
750
853
118
227
28
209
512
206
57
127
278
228
836
875
213
365
738
504
271
453
954
818
133
182
452
363
200
324
101
789
100
607
268
538
432
730
505
66
790
795
4
578
153
757
147
130
225
781
737
621
275
136
978
497
548
175
704
142
79
966
136
947
647
346
762
843
263
495
458
482
695
768
407
963
329
6
188
914
302
893
243
546
586
672
90
213
244
469
350
517
228
415
209
26
487
311
851
388
779
292
977
119
288
152
280
439
927
830
556
915
379
45
857
751
474
828
559
137
167
951
891
263
800
342
558
201
9
890
687
2
693
98
192
837
453
893
297
468
898
574
69
370
856
192
971
373
818
289
313
561
226
432
70
890
822
639
252
580
170
161
917
336
607
884
372
934
665
295
626
236
436
684
373
317
297
687
583
29
84
995
252
277
829
757
460
131
878
374
881
327
521
133
71
175
389
773
730
950
624
86
45
68
801
720
826
641
982
502
216
259
372
411
515
929
500
3
946
460
13
647
791
741
713
572
645
871
878
263
611
567
812
408
390
230
507
20
943
155
39
225
833
938
249
752
441
528
852
519
920
442
958
56
499
440
48
917
779
949
984
938
85
492
90
834
555
130
750
50
341
637
419
142
500
757
556
395
393
649
355
517
718
850
644
471
298
675
668
110
539
884
760
435
948
925
586
508
597
786
106
527
340
425
306
707
195
856
866
161
910
907
572
947
978
649
918
447
623
285
341
324
632
154
364
564
935
818
346
534
423
102
382
802
655
11
890
915
693
539
851
425
580
91
607
198
895
196
626
566
752
114
155
63
157
27
913
83
955
506
430
171
938
323
571
141
877
484
411
730
946
55
939
85
364
248
587
683
598
866
357
598
328
271
875
59
317
733
242
423
593
719
883
689
625
120
916
291
827
914
584
450
778
976
19
848
9
356
162
110
232
379
248
694
759
529
923
589
475
204
570
695
208
249
286
542
357
54
625
853
185
764
942
711
8
773
937
892
430
599
546
617
683
685
133
362
624
552
410
415
589
815
233
316
640
770
217
89
833
725
594
293
562
234
141
121
398
720
572
91
354
190
562
153
478
848
765
170
541
681
588
223
475
362
377
245
921
152
979
334
300
154
92
492
170
712
891
545
75
172
932
618
173
584
36
485
782
145
490
860
235
972
438
454
782
533
805
651
931
978
835
198
249
290
250
382
488
550
498
580
837
20
894
419
642
255
302
778
446
170
622
122
910
924
657
170
524
300
362
936
254
251
731
973
790
131
410
840
41
729
559
525
919
964
583
995
812
660
525
504
987
834
570
207
91
502
327
327
556
505
650
776
731
336
650
923
222
946
28
119
798
645
290
30
756
141
391
916
294
70
472
213
818
831
510
542
900
205
828
87
386
549
535
388
26
770
446
121
464
348
627
796
862
309
633
994
976
63
529
329
838
773
690
638
430
724
111
96
783
37
59
306
234
495
980
538
532
555
508
883
427
547
474
174
747
231
967
329
1
800
201
916
214
629
228
394
422
22
256
705
951
315
421
69
197
965
637
317
408
737
831
370
501
731
221
379
230
733
914
23
603
728
594
588
63
519
21
906
397
423
447
161
745
260
406
588
492
456
482
833
843
259
692
459
423
683
747
387
383
98
605
433
974
506
178
608
161
200
372
86
106
141
756
466
169
634
628
934
305
221
811
545
963
457
753
984
170
110
940
893
639
973
952
292
362
832
939
410
319
652
422
394
576
449
313
707
79
890
241
1
958
609
288
621
286
213
188
767
922
672
7
610
176
193
666
401
690
371
103
330
225
838
528
47
797
413
488
557
895
366
339
433
805
358
225
380
326
344
555
507
579
517
987
345
13
776
606
85
577
72
412
256
55
569
178
445
961
208
961
331
669
598
146
465
266
59
386
349
899
21
799
490
626
916
40
907
404
304
194
136
758
393
181
320
754
348
146
279
681
78
481
768
597
107
523
344
516
718
381
990
912
163
333
944
691
955
446
164
141
628
851
177
695
164
64
724
783
645
660
243
97
955
922
841
979
476
277
258
672
416
40
919
80
579
649
872
863
688
827
869
832
492
408
816
486
815
942
42
539
767
40
189
949
130
59
675
871
867
974
178
657
855
798
632
559
539
212
494
504
359
430
493
828
512
643
607
86
453
592
130
584
570
861
399
931
579
283
487
368
573
930
517
260
442
671
636
445
328
897
194
492
616
763
257
581
792
40
607
930
777
652
648
558
889
417
392
398
265
774
241
788
866
523
798
885
110
542
212
948
798
269
531
5
317
376
649
862
506
71
97
217
834
960
593
456
557
382
791
880
578
24
953
172
790
13
722
582
329
329
721
71
288
647
687
909
734
428
808
650
406
695
786
797
313
812
27
55
79
507
63
125
599
424
443
365
654
126
401
863
484
645
183
774
498
455
444
933
681
477
120
465
750
684
830
547
218
318
939
321
565
926
45
897
715
999
937
33
802
204
128
703
618
997
236
571
521
22
531
582
578
721
812
770
246
236
950
576
525
192
49
156
174
235
761
747
43
548
203
269
348
52
92
290
906
34
69
183
343
183
134
821
356
409
246
494
910
11
609
831
794
745
684
423
971
210
823
385
189
194
927
996
359
307
530
542
434
69
640
316
829
735
295
877
395
309
973
978
368
174
844
803
19
240
821
746
165
978
550
638
156
169
769
57
467
413
684
494
327
895
969
83
190
975
166
110
369
674
532
954
549
912
400
367
153
404
609
422
209
378
621
786
743
192
798
549
913
36
954
66
250
674
595
478
460
732
842
546
814
973
347
633
539
238
552
336
157
542
551
297
87
589
383
848
587
526
227
623
453
917
501
718
149
391
580
686
574
656
332
755
433
85
34
154
804
150
522
150
26
144
217
443
429
462
2
35
427
803
457
277
811
929
784
112
481
92
229
831
822
430
42
158
988
249
476
416
903
365
37
422
931
991
258
945
922
597
8
259
263
259
50
178
731
561
541
355
321
6
976
603
361
316
62
631
391
896
594
880
473
291
945
337
493
89
32
55
620
279
166
445
728
820
335
303
928
55
756
293
232
163
679
924
651
455
853
782
45
873
109
466
477
90
977
482
923
401
180
471
406
717
110
484
424
412
768
778
533
216
23
103
936
976
589
399
454
837
128
910
28
515
16
741
199
536
641
904
140
278
843
665
57
656
954
863
802
820
969
160
691
301
375
639
922
123
61
259
17
661
592
207
626
620
793
761
612
488
583
88
942
728
674
988
633
803
220
264
599
958
542
640
854
32
894
184
320
97
957
153
71
441
340
406
988
927
617
928
742
891
124
163
567
365
24
256
33
155
982
622
645
170
867
257
76
735
189
98
721
956
386
600
388
531
377
94
899
661
474
644
746
69
447
681
390
839
512
610
985
638
968
608
810
620
989
344
908
737
43
921
488
463
643
121
346
629
913
479
391
848
606
546
889
846
647
133
460
10
385
493
874
14
742
376
39
188
715
24
221
397
491
148
470
245
892
78
126
951
129
711
72
659
52
668
986
781
513
426
933
603
825
987
718
23
339
428
273
772
363
169
211
611
451
467
858
627
931
763
648
501
507
610
707
968
78
195
375
930
133
167
401
119
40
862
553
674
746
412
559
66
282
298
610
440
309
846
873
854
13
234
230
85
56
275
303
318
65
258
971
413
64
925
587
131
224
942
28
167
759
19
475
704
528
816
545
980
377
124
401
271
347
730
884
236
452
934
163
922
940
550
32
365
722
23
840
993
296
710
798
996
520
651
465
975
936
891
88
323
244
237
94
278
500
71
315
576
209
384
551
832
323
781
241
556
301
845
327
95
130
602
298
682
349
189
936
142
775
974
734
429
315
968
839
13
273
977
648
808
996
119
514
229
52
278
389
68
664
579
927
936
906
621
66
620
252
866
517
109
596
83
682
443
167
712
570
309
37
622
837
4
861
895
156
335
621
987
501
264
393
107
215
969
802
287
344
137
246
483
469
641
855
194
52
505
420
766
999
388
809
139
575
66
891
807
762
280
897
178
678
533
514
845
963
785
885
966
561
389
187
240
117
624
983
61
75
560
720
911
247
861
463
209
954
770
152
619
867
460
806
762
230
511
423
383
981
968
715
732
679
824
382
13
548
631
68
522
166
480
408
674
561
783
313
743
725
885
921
411
942
800
552
891
583
866
55
569
786
39
920
672
529
76
924
19
718
54
211
470
436
762
149
308
326
722
641
307
39
536
664
555
7
921
284
197
773
891
437
823
285
184
373
525
799
42
992
164
647
700
486
828
182
809
648
368
915
864
259
951
661
477
497
827
654
138
748
825
807
548
826
357
165
67
356
260
941
684
888
363
643
586
924
909
950
133
568
256
932
724
114
228
553
983
954
385
598
264
532
495
743
966
501
779
53
76
763
778
32
529
560
12
405
55
161
745
864
901
63
143
193
974
689
28
969
574
379
418
761
622
299
651
703
459
252
600
676
853
903
872
501
33
202
728
537
721
216
522
444
284
999
773
115
966
330
422
114
330
209
631
393
722
757
362
265
260
15
738
335
513
144
358
522
480
790
366
781
194
135
889
935
995
114
568
895
930
20
222
740
311
262
582
785
147
360
565
803
515
83
344
965
312
619
725
40
961
965
149
973
424
407
464
381
844
581
968
877
480
817
460
496
28
729
458
589
301
316
827
946
65
407
417
583
263
809
677
249
466
188
341
210
172
598
138
773
965
156
277
598
13
271
684
553
642
373
177
349
577
325
669
58
651
978
317
953
303
676
557
916
55
198
203
181
130
685
944
771
152
491
835
239
583
929
568
884
935
871
705
374
146
158
66
183
188
555
759
133
309
528
469
399
386
337
800
756
757
519
214
57
84
682
537
204
526
469
448
600
686
795
281
961
508
470
928
86
783
954
529
483
543
155
23
728
781
666
938
865
10
649
360
814
403
174
408
795
443
224
832
126
995
440
516
83
509
432
781
486
49
799
96
648
907
492
668
214
962
165
551
491
618
741
947
597
80
71
402
763
40
403
987
867
177
556
580
229
242
536
830
777
656
480
265
872
582
273
231
963
243
4
283
121
95
634
638
940
411
251
587
969
174
354
626
939
582
275
648
270
96
581
413
812
378
545
37
581
86
954
547
318
823
522
244
845
925
595
890
944
841
638
175
605
277
18
539
732
980
880
167
293
729
170
569
16
299
397
853
61
784
902
426
796
533
160
675
209
908
372
897
935
626
488
383
46
923
88
229
105
568
981
935
958
691
146
739
860
844
882
701
146
958
947
486
419
259
355
758
267
348
20
581
997
400
935
315
67
854
800
469
458
48
842
139
968
969
169
216
604
924
694
193
266
545
664
675
915
747
867
449
163
887
631
967
173
362
314
1000
363
274
948
451
258
855
903
473
536
963
978
681
503
771
42
840
809
155
949
894
28
569
205
68
170
687
134
935
802
9
297
531
185
312
318
834
726
531
164
818
558
755
375
118
373
469
379
288
73
933
690
583
524
363
702
736
870
497
691
200
431
448
534
463
857
682
855
396
327
994
216
472
701
100
437
135
993
510
334
825
152
548
809
123
194
456
783
301
985
144
123
725
982
260
959
795
640
110
90
839
550
975
324
796
380
990
40
488
735
829
774
714
939
616
422
801
570
181
486
990
422
892
981
618
750
922
740
136
999
330
541
162
776
741
488
254
978
514
947
951
12
429
863
406
985
861
472
951
329
484
412
581
600
250
887
118
512
433
40
629
14
296
252
721
690
660
554
942
812
609
38
132
655
60
393
611
624
533
781
580
531
447
222
317
165
459
425
694
704
325
477
96
263
800
616
667
716
918
194
113
8
745
853
460
510
886
8
850
733
614
324
200
942
120
430
82
855
176
281
328
840
264
504
790
718
903
944
242
141
333
377
696
764
395
477
339
929
373
702
551
730
312
65
442
915
289
129
475
783
707
793
615
903
930
679
118
861
14
525
276
273
180
442
388
525
946
662
829
348
901
771
552
255
7
310
675
839
927
805
394
973
557
896
741
413
606
391
945
947
819
550
515
320
868
795
445
492
882
274
205
732
796
712
149
95
76
793
445
304
839
32
592
18
70
464
113
498
705
465
704
334
442
363
448
452
764
97
940
248
970
952
139
226
695
994
999
700
999
35
535
341
128
860
437
829
5
769
529
618
492
384
750
923
20
76
696
567
334
652
86
346
724
800
45
864
587
79
577
507
720
610
439
74
46
102
489
771
735
485
837
14
565
606
179
49
899
815
682
84
710
113
236
952
231
274
933
335
962
362
80
173
480
764
774
2
205
74
421
806
653
63
235
708
580
686
421
597
657
849
807
330
524
162
160
180
29
448
800
698
181
830
519
879
412
108
186
871
799
880
510
945
794
942
861
183
242
877
29
635
822
762
866
445
929
40
559
299
441
337
46
738
49
478
46
65
407
941
237
926
37
749
669
19
83
204
352
654
802
460
940
355
361
68
72
684
342
260
126
617
928
267
233
146
63
183
453
139
721
47
598
385
663
771
119
447
456
58
427
610
154
135
754
661
78
722
818
460
211
984
563
442
126
570
692
353
85
279
119
455
961
457
922
36
817
237
502
964
766
162
329
716
358
180
743
38
200
212
465
466
283
919
855
875
269
506
492
360
278
327
775
906
652
408
45
319
674
952
567
786
573
773
559
713
614
961
546
922
569
853
167
728
832
45
962
50
934
657
633
548
191
406
365
885
516
845
978
757
405
902
469
913
647
853
165
46
655
324
242
902
273
124
206
293
377
402
623
869
949
468
103
285
771
594
324
705
201
395
918
613
558
398
746
747
860
813
323
872
518
925
720
674
773
972
219
580
757
368
289
14
555
91
456
696
387
912
756
588
558
803
731
351
50
871
689
85
269
901
630
530
704
956
257
559
884
817
904
528
679
439
630
416
791
531
932
585
181
107
323
398
351
86
636
966
457
637
232
224
584
783
435
940
438
443
476
332
294
150
828
439
445
611
239
294
526
65
600
43
950
935
241
530
385
542
557
708
622
927
220
719
732
325
357
112
839
134
593
271
271
407
642
284
569
389
556
920
995
264
344
676
124
884
612
227
573
890
262
341
766
91
803
899
965
788
340
836
13
626
214
587
875
366
662
221
756
373
556
701
378
397
472
60
810
943
23
415
659
454
591
68
244
872
965
67
243
556
550
728
420
481
132
530
326
66
665
204
666
893
606
60
306
826
293
320
472
293
405
923
756
799
384
684
176
19
50
155
653
681
875
191
644
761
202
116
252
766
372
981
96
640
669
904
476
476
796
122
801
492
521
668
236
22
298
885
529
898
803
993
388
332
523
542
934
644
63
892
528
199
8
408
436
250
560
634
896
753
742
149
262
753
316
596
172
9
112
714
888
461
267
172
933
141
993
471
449
880
337
818
304
966
324
261
698
750
230
571
306
975
938
563
292
354
922
358
454
137
345
149
10
200
167
531
373
668
308
889
132
332
239
419
37
638
383
366
601
539
631
95
441
184
521
667
973
622
67
222
284
450
576
345
372
464
493
479
982
820
413
380
821
113
270
589
372
710
895
79
785
139
844
404
749
638
798
75
372
677
256
358
509
810
91
902
595
883
580
538
287
766
56
413
987
261
448
758
970
443
306
32
774
948
704
485
956
907
513
106
98
570
156
291
634
409
844
58
311
238
638
406
715
896
890
866
506
857
841
299
181
603
474
980
223
792
824
278
770
822
617
138
131
554
17
307
638
126
123
958
914
101
140
593
889
247
702
187
973
482
82
583
806
653
606
768
351
3
259
587
283
640
794
766
643
562
565
541
19
382
815
50
853
847
154
957
524
134
206
974
865
79
785
332
301
719
291
357
453
996
124
911
413
725
182
390
572
633
454
544
530
190
904
454
881
88
935
31
39
892
469
171
819
117
412
306
826
391
506
458
677
349
359
970
913
10
761
995
55
939
752
274
561
589
35
650
126
384
422
508
268
829
519
124
909
310
256
892
555
785
135
686
399
195
877
742
141
342
499
961
898
705
6
313
404
109
622
325
466
264
987
501
177
99
81
837
544
317
888
190
508
873
792
418
781
130
916
137
405
126
387
500
604
425
151
840
996
659
624
447
285
295
544
892
570
652
129
210
717
709
677
334
73
90
233
546
382
34
424
7
885
20
709
552
247
293
142
826
826
209
616
167
26
872
384
848
904
637
714
115
545
742
249
988
34
74
30
826
860
741
385
614
98
328
715
533
973
68
958
742
286
629
164
328
167
963
800
136
670
619
565
252
588
325
992
485
65
849
188
125
993
655
96
974
196
760
310
185
148
69
182
322
148
444
551
101
475
109
53
404
754
361
920
692
859
900
987
41
585
408
406
33
711
945
925
720
294
874
107
845
965
603
980
489
826
856
537
995
245
696
449
156
454
247
424
553
771
696
162
265
139
463
835
311
719
278
844
644
678
150
763
46
761
290
25
456
699
72
995
804
176
72
169
38
325
550
40
14
83
764
470
822
277
162
628
776
393
295
825
79
795
531
638
309
180
924
380
39
185
525
2
971
668
217
362
724
430
119
537
990
727
16
260
187
603
824
555
300
327
803
758
33
556
670
573
389
9
833
462
991
39
312
387
924
987
286
315
439
721
531
943
791
764
229
987
589
805
298
379
482
80
593
736
666
171
536
604
278
170
769
321
603
189
759
586
430
761
158
797
356
954
657
32
211
766
880
816
425
229
909
806
47
331
27
852
33
170
444
504
974
815
536
146
920
805
809
873
299
830
454
877
825
107
246
850
857
895
86
263
875
820
714
603
129
76
934
473
56
444
541
189
1000
88
180
172
788
481
231
647
749
531
702
623
539
716
710
568
698
946
462
666
137
104
155
31
459
841
7
472
376
940
606
523
757
381
147
402
201
222
159
358
35
978
313
984
27
690
44
132
336
858
143
189
13
356
254
745
685
100
708
410
617
348
510
364
420
463
338
958
467
350
819
567
918
605
840
14
901
873
470
641
828
927
863
431
34
792
919
760
918
34
766
112
281
593
288
231
208
472
503
64
593
547
710
666
963
101
77
379
801
577
610
114
287
684
816
363
349
459
95
890
347
526
678
408
540
875
617
863
15
616
524
232
579
281
855
877
187
269
257
338
178
446
76
802
220
977
570
955
336
873
201
868
365
515
698
978
997
789
23
842
547
901
651
609
676
269
47
489
427
911
643
559
443
115
677
791
411
81
902
216
608
321
242
549
965
678
860
624
153
270
536
76
750
900
977
627
929
682
108
242
719
80
144
271
826
153
861
935
280
923
709
832
301
1000
837
671
604
918
893
801
461
739
846
263
419
47
646
360
426
647
692
441
163
853
384
120
405
624
142
150
425
402
182
677
278
784
235
325
858
304
583
62
28
62
979
748
423
268
9
468
903
651
81
253
865
928
212
346
368
603
13
157
386
692
168
987
111
978
856
622
662
906
515
407
880
882
289
168
65
192
583
451
172
295
971
816
809
343
340
679
109
455
244
22
822
800
347
176
45
833
694
407
367
773
167
906
878
95
199
311
285
354
698
128
203
221
763
754
622
41
211
212
883
244
551
252
517
719
632
413
318
730
297
84
427
325
869
805
816
891
769
27
371
359
327
971
353
7
415
491
653
303
803
380
238
15
690
169
138
71
359
497
718
612
951
949
430
730
752
480
981
758
988
228
477
709
175
839
614
445
788
31
528
931
197
582
340
555
290
17
598
332
689
255
239
345
996
567
578
871
633
548
588
48
174
520
285
247
602
375
961
24
286
944
937
815
197
422
109
647
428
173
156
388
17
945
317
637
81
946
452
740
553
515
387
349
820
81
560
430
581
939
856
133
957
169
525
553
190
916
85
381
79
555
45
947
42
980
284
878
46
781
156
178
484
514
94
510
286
333
204
542
946
416
327
41
553
136
122
161
191
789
106
620
676
420
964
311
289
439
483
998
750
663
972
353
909
698
876
866
411
880
802
992
826
469
569
658
437
236
766
400
35
748
193
517
57
439
384
412
860
294
39
792
142
985
395
55
203
173
111
368
510
211
846
125
464
509
601
320
595
502
299
260
961
635
230
934
497
900
988
750
409
621
664
754
292
345
412
722
394
370
153
725
1
965
183
59
419
131
356
329
822
939
76
338
235
82
750
110
205
461
348
934
616
645
744
375
47
595
808
995
98
653
585
202
273
612
760
532
193
549
534
241
90
552
527
677
228
281
235
344
480
113
64
203
799
438
580
188
660
480
662
283
174
500
553
763
871
96
601
383
301
62
925
800
923
657
943
816
410
63
336
731
152
851
571
102
859
193
878
853
5
189
613
505
709
331
360
468
970
615
663
894
219
298
709
436
185
833
917
216
312
131
264
284
360
510
254
590
450
461
730
309
874
233
444
595
234
867
677
172
76
824
860
586
28
317
889
682
16
997
351
613
753
633
857
722
854
874
246
450
272
50
280
507
293
329
729
801
810
482
821
297
936
35
177
297
504
566
884
866
506
204
533
128
769
285
786
892
593
606
957
573
748
357
382
475
623
412
5
946
852
364
293
365
53
811
173
321
421
210
624
715
585
47
407
610
769
61
13
70
77
413
434
940
77
792
127
205
115
455
872
101
152
515
579
411
484
121
650
903
634
831
818
154
707
855
55
459
503
424
410
581
260
617
430
299
209
60
587
371
336
986
864
833
781
301
696
748
73
236
665
251
30
96
257
373
780
187
811
412
605
976
492
907
445
155
966
118
772
608
345
912
728
804
391
165
437
345
123
838
773
467
287
615
889
51
230
227
350
350
851
540
155
996
575
693
65
283
554
631
420
300
502
367
551
638
32
495
563
570
4
157
460
598
980
306
152
37
896
923
629
253
885
620
260
850
294
116
73
715
881
553
534
272
164
167
352
127
312
902
354
503
375
940
25
795
448
173
604
489
2
571
960
380
222
436
106
809
295
872
59
374
457
525
660
678
237
235
233
629
462
70
84
714
159
346
272
4
379
478
621
36
681
528
484
564
460
310
830
127
600
843
439
635
570
890
29
815
30
88
278
321
294
279
374
77
748
873
501
562
867
903
83
899
711
49
95
868
89
207
205
736
903
322
509
124
513
143
478
784
112
674
291
83
993
569
596
297
310
328
87
180
709
783
489
827
72
397
118
700
921
186
370
647
560
656
375
911
638
957
183
978
841
335
281
108
824
876
577
933
177
624
217
881
914
482
812
754
54
363
389
68
527
334
536
284
720
193
951
286
28
371
208
10
788
365
477
100
689
762
70
602
312
336
701
487
746
840
216
912
170
167
231
524
201
228
166
715
273
502
488
985
835
842
109
480
97
946
539
876
364
728
343
651
435
489
793
411
561
592
371
778
185
697
168
884
872
996
136
576
592
5
982
980
410
876
809
278
728
747
194
928
55
633
963
527
886
708
859
47
605
716
765
995
679
252
816
862
96
671
490
402
927
579
296
273
388
811
776
676
360
899
972
535
337
414
131
653
776
250
21
879
561
234
539
840
258
786
834
418
544
611
333
772
574
829
829
743
591
439
740
191
600
25
725
16
642
244
635
845
398
750
180
830
591
398
282
309
71
352
399
489
101
979
376
493
883
152
76
54
416
483
759
446
51
155
126
735
341
333
624
376
632
426
939
260
176
77
709
628
987
84
531
544
321
860
666
788
466
729
896
410
644
25
768
170
824
969
729
873
790
540
377
788
127
513
38
816
955
377
411
653
392
712
76
247
561
148
319
394
728
909
996
480
430
397
834
3
388
78
48
49
639
198
80
210
512
910
482
634
929
874
537
398
214
100
360
208
856
980
645
378
905
772
133
38
483
219
978
28
117
199
337
706
958
177
341
172
356
752
729
957
201
141
772
798
38
132
709
530
170
300
326
518
912
927
411
599
590
434
673
893
394
228
861
947
4
331
897
955
491
62
627
774
33
502
760
481
228
944
232
733
777
307
726
530
646
740
916
833
169
758
730
25
715
901
990
429
887
639
46
533
891
593
853
323
951
179
49
854
576
777
674
271
102
10
247
112
490
539
287
153
601
644
871
194
658
890
317
626
987
153
417
126
203
898
170
951
559
568
275
696
569
814
481
842
508
376
671
445
214
73
706
867
669
564
231
802
792
827
481
256
934
95
625
136
493
38
645
106
521
18
54
125
295
548
187
348
576
10
211
459
879
173
35
572
696
248
1000
798
710
57
724
268
756
447
607
559
453
614
928
703
320
73
383
802
189
578
818
175
534
605
192
287
319
392
726
329
21
422
533
824
444
728
105
151
589
565
732
257
743
31
827
236
419
194
520
217
163
628
610
306
974
698
164
106
782
68
435
468
117
84
785
993
540
515
759
632
747
873
208
210
394
465
441
804
834
768
767
242
442
506
661
334
587
490
766
775
462
694
432
548
17
915
148
410
275
861
753
703
806
481
229
938
856
955
802
74
235
512
525
184
194
211
918
254
671
587
955
639
771
282
609
73
452
701
75
481
737
467
944
259
594
467
975
479
167
426
933
625
76
442
828
655
50
161
235
860
217
778
706
334
20
344
57
375
463
825
756
50
391
189
726
781
208
664
365
980
109
393
231
540
842
455
197
791
249
546
736
663
793
279
296
914
946
352
864
549
790
286
753
573
291
637
760
665
883
638
899
585
481
117
571
471
23
570
73
659
470
590
64
789
769
748
926
574
787
183
352
417
777
592
328
920
376
341
467
492
607
358
734
457
986
806
62
94
551
502
959
124
827
615
321
52
919
694
315
784
162
480
171
495
440
77
648
980
544
386
338
351
116
636
826
663
631
486
291
17
979
635
27
909
714
136
780
675
381
908
527
821
251
251
274
845
824
859
537
161
26
937
413
728
297
16
130
327
800
626
86
446
384
181
772
813
124
733
918
671
325
699
928
377
116
945
661
794
411
905
306
49
368
906
110
871
147
187
223
583
479
358
862
913
573
380
679
126
182
275
880
606
967
138
481
942
498
846
623
675
367
706
530
341
490
193
487
45
554
361
247
807
572
374
455
165
789
603
15
11
753
657
290
72
723
728
992
323
397
221
673
287
898
154
913
912
74
550
707
698
657
482
66
558
461
274
846
255
440
293
982
141
166
48
65
633
738
206
108
454
91
450
464
172
286
193
771
934
301
592
738
354
740
971
266
592
758
706
152
813
972
224
427
593
726
211
577
326
810
34
984
247
671
991
557
776
628
311
481
846
143
247
956
900
285
207
412
361
144
644
427
383
562
594
730
731
164
789
557
165
681
981
608
685
955
755
901
128
683
918
602
564
780
542
805
957
481
992
341
332
257
647
18
772
925
419
723
660
495
772
872
346
478
758
466
949
978
146
388
702
502
87
269
785
115
87
884
928
812
427
111
105
106
481
465
818
481
48
732
408
965
322
206
896
120
916
775
397
122
358
801
316
234
418
63
581
579
108
230
661
209
919
906
867
554
930
658
959
584
24
946
926
928
293
313
568
594
255
252
705
678
895
892
993
173
808
711
261
104
533
367
613
623
192
648
534
700
641
802
609
859
237
95
117
784
533
236
585
422
8
539
222
765
508
172
203
344
979
852
322
809
53
74
308
416
560
873
588
908
189
671
871
151
990
695
313
923
396
705
745
936
811
309
693
471
540
413
196
203
387
222
279
887
237
721
704
367
711
25
484
768
705
916
405
656
818
131
620
253
611
90
869
682
82
314
923
334
455
153
153
602
827
551
631
406
139
557
586
167
83
584
517
824
75
561
898
332
794
559
757
949
336
182
699
744
268
954
958
571
45
636
887
684
732
503
809
65
871
372
329
354
524
51
588
873
859
242
183
12
814
82
201
245
775
164
298
482
464
126
138
820
734
93
565
663
74
297
946
688
149
197
544
987
923
342
395
249
362
86
893
829
948
516
531
505
824
399
650
513
43
420
251
237
304
461
710
427
920
539
910
254
849
196
5
458
480
511
689
905
281
573
971
700
762
880
73
477
383
788
505
81
604
861
626
18
292
140
459
918
254
638
777
338
409
353
973
256
577
115
515
758
350
184
737
937
698
496
414
878
27
638
651
877
432
619
669
463
576
743
71
734
91
29
32
369
681
290
898
131
239
686
612
483
271
954
640
845
831
782
915
307
677
289
589
14
778
1000
565
834
45
695
986
543
873
302
782
410
65
792
872
359
646
994
320
23
611
532
33
212
477
474
692
550
159
397
744
101
178
223
31
686
325
327
212
382
923
292
833
244
814
321
832
27
666
773
583
111
823
272
913
239
467
394
554
780
992
798
320
778
695
316
50
408
451
202
72
688
979
787
336
28
94
935
960
69
541
75
988
458
693
166
912
977
426
147
333
195
411
776
152
894
368
816
277
117
277
986
431
79
868
576
250
355
247
70
466
335
380
103
361
137
855
919
294
490
442
49
499
805
846
102
840
676
195
104
889
211
315
472
601
115
844
660
422
518
893
597
361
634
817
796
620
106
149
137
638
622
76
584
924
245
378
953
522
908
454
394
137
738
982
903
917
644
263
465
517
239
1
406
641
349
610
443
282
785
349
60
247
406
14
987
570
725
185
572
421
228
93
214
188
851
527
648
378
437
270
574
530
600
350
487
336
945
17
838
112
246
998
25
418
920
405
502
573
402
34
995
258
178
385
687
960
833
159
753
976
48
122
995
961
388
837
588
398
775
431
18
292
918
387
870
413
50
151
279
754
987
88
736
319
873
393
27
654
435
658
760
342
89
861
892
843
538
291
960
344
634
86
516
770
600
462
923
968
185
889
530
548
406
741
952
378
259
613
142
552
804
573
402
886
702
850
579
351
413
733
445
997
737
327
945
703
827
525
192
325
94
332
991
952
796
839
461
488
135
515
773
276
533
147
576
369
137
815
129
234
205
167
690
117
455
935
521
822
820
239
116
801
9
713
933
19
576
550
476
118
58
479
956
668
675
895
141
163
127
937
163
641
702
724
207
221
915
568
370
238
255
204
80
284
638
724
673
320
97
369
663
929
641
95
43
376
684
671
466
506
745
24
534
605
963
8
812
913
688
743
17
583
450
948
592
837
526
300
973
523
556
543
249
558
555
716
547
994
873
892
156
21
424
976
271
741
927
22
367
616
385
308
321
145
676
379
838
686
320
770
599
